36 54554 4454544445

1145555456,.30 16, 33, 34. 17,94 Ιι5553555ιο55,34. 54.,.593 ·
99. 29, 19, 99. 99,945. 30,3. 555535555544*11,919, 164 994 99.
1155454559, 35. 13,4. 14, 54 9, 19. 49, 15. 97, 97.
11545444 19, 7. 153555, 35.
Horatius 05545519, 11. 15458, 9.
1445355 4, 7. 15534545 94, 8.
*414354555 93, 30. Lar Tolumnius 19, 39.
Hydaspes 5, 99. 154454 97, 96. 54. 19, 17.
. Η4ι5544553, 1. 5, 99., 14545551913416.
Η44454455 10, 1. ’ Lemnos 6, 14.
Leo 2, 21. 4, 19.
1554551445 90, 34. 96, 30. 999. Leonidas 12, 34
15544455445455545445544, 31. 1544435516, 91. 97,5.
Iberus 6, 1 15455554443459, 16.
Icarium 455457, 1. 1555556, 6.
1554455943136. 6,6. 7,9. 9,4. *1555554545939
1445548,15.13,95.1.555557,95.
11444 4545, 16. 30, 33. 54. 6,.1 14555555,91.*11,3.
15551455 5, 36. 54.*6,1. 1444541, 94, 97. 9, 39. 3,.4
1534 5, 19. 15, 4. 95, 98. 3934. 14445346 13. 4,90.
153451,24.5,91499.11,16. Libyu1‚26. 5,9,17. 7,6. 10,14.
1534555 Oceanus 30, 90. 11, 13.
15355 5, 98. Libycum 45545 7, 9.
1*154544554555 93, 30. Ligures 6, 31.
1545455445 90, 7. Liparae 95, 35. 99, 94.
Ionium 455456, 154 35. Liternum 9999. 9998.
’4155551ομ5 14445594555518, 17. 91,16.
154459, 39. 15455545 99, 95. 9919.
15445 A'mmoul, 97. 54. 15,.8 155545554544455534,17.
Iphicrates 14,17.· Lucretia 99, 99.
15555 15, 1. Lucullus 17, 93. 90, 7. 30, 96.
154545, 36. 15554, 11.
*1544445559 37. Lusitania 30, 90.
lulis), 44. Lutatius Catulus 18, 21. 20, 9. 44,
1451455, 954 96. 6,·l ,39434.14,16. 6. 98495. 9924.
18, 99. 99, 99. 98, 11. 99, 11. *1.45445, 14.
1454454 91, 19. Lycurgus 19, 91.
14445556,15.1.43455,33.
Iuba 96 164 19. 5555354 131
Iugurtha 96 13, 30, 94.
15559154 914 97. 8,41 95. 937. 31555355555, 16. 11,10. 14, 30· 31.
196.15,9617,8.,989844’.’393430,
145544549,494464;.8303,44.17 15 5415101694495919
419. 7,994 94. 83. 964 944 Μ555355455,99. 1435. 15, 11· ,135
964 964 364 37. 10, 84134154164 904 96. 17,.9 99, 15.
97, 394 37. 11, 4419 (5415445.) Μ55445551, 9.
15544359, 99. Maeander 5, 39.

 

