, 1111)οΧ somma.

2, 23.

aulae 7, 21; 34.

113245.

1,23. 4,18.

31131010.

les 13, 36.

gilon 13, 30.

ria 5, 20. 24, 16; 10.

rii 17, 26. 30, 27.

assas 11.24,0.

11133 23, 37.

tuus 28, 25.

risl5,18.

bal 16, 35. 26,3; 4. 30, 3.
’1,8; 12. 7, 5. 10,35. 11,13;
33. 12,16. 13, 7. 14,2; 33;
15,4; 5. 17,20. 2432. 28,
11. 14, 24. 17, 24. 30, 28.
312, 35.

1111332330.

1111,8;11;27.

1331120.

ae 8, 10. 9, 23. 10, 25. 12,15.
13113311,0. 12,10; 16; 26.
3; 8. 14,8; 11. 27, 26. 31,
31. 2, 32.

12,14.’

icum mare 0, 24.

5, 27. 11, 5.

325, 3.

5, 22, 11. 13, 2.

inus 20, 30. 21,11.

111 11, 21. 24, 5. 11. 0, 14.

Ι33 6, 7. 116, 20.
arus 28, 25.
1326,1.

1113831.

13 24, 19.

11,12.

115,13. 11.25,6;7.
115,23. 8, 6. 12,35.
:ivs Aliana.

Bootes 4, 5.

Brittania 0, 8. 17, 32. 30, 31.

Brutus 10, 7. 11. 27,21.

Μ. Brutus 18, 15.

Decimus Brutus Callaicus 18, 12. 20,
14. 21,10. 30, 21.

cabirus 10, 35.

Caecilius 15, 30. (1111131111.)

01311310, 7; 20.

Caeninenses 10, 31.

Q. 01311121, 16. 11, *30, 20.

C. lul. Caesar 17, 30. 18,16. 23,1.
24, 15. 25, 01 15. 26,16. 27,7.
8;11;30. 28,18;20;21. 30,30.

Caesar Augustus 17, 33. 26, 20. 27,
10; 31. 30, 32.

Caesar Dacicus 20, 10.

Caesar Germanicus 20, 15.

Caesares 17, 36. 23, 3.

Caesarea 26, 21.

Callaecia 30, 21.

01113 5, 27. 6, 27.

Calpurnius 1111111110, 13.

Cambyses 12, 1, 23, 7; 8; 18.

Camillus 16, 12.

Campania 16,28. 22,12; 25. 20, 6. ⁴

Cancer 2, 14. 4,10.

Canis, Canicula 2, 2; 6. 4, 0.

Cannae 22, 24. 20, 32. 11. 20, 7.

Cantabri 30, 33.

Canuleius 20, 34.

Capitoliumn, 6; 14. 28, 2. 29, 4.

01111111335, 13. 11. 24, 16; 22.

Capricornus 3, 24. 4,21.

Carras 24, 12.

Carthaginienses ll, 2. 13, 5. 10, 20.
25, 32. 26, 2. alaim 18. 30, 101

Carthago 11, 3. 16,32. 18, 36. 20,
20. 26,11. 30,7;0.

*Canthara ll, 2.

Caspium mare 6, 22. 17, 20.

Cassandra 8, 15.

Cassius 27, 21. (11. Spurius.)

Castor 2,11. 7,17.

*Catamant **7, 11.

3

 

