34 murex 1111111111.

· 6111111119,1; 3. 21, 34. Cornelius Rufinus 16, 24.

611126, 17. *Coronea 13, 9.
6111 Censorius 18, 24. Corsica 6,7.
Cato praetorius 18, 27. Corybas 10, 12.
Catulus 27, 6. (11. Lutatius.) 6111111124,11. 28, 29; 223 23. 29, .
611111115, 26. . 12
Caudinae luroulae 22, 9. *Crateae 6,16.
61111111532. Cr'eta2,.7 6,6, 35. 9,.33
611111113,14.11.13,15. , Creticum 1111116, 35.
Celeus 1118. *61111119 5.
6111111111 36, 19. · 6111111127, 29. 29,10.
, Cephalania 6,15. *Cronia 16, 8.
Cercina 6, 18. *6111111110,15. 11, 2.
61111633. 61111116, 9.
61115111114, 23. Croton 3, 19.
Chiron 3, 21. 6111111116, 23.
chanaath. 6, 14. 14, 25. 6111111119, 7.
Cilices 5, 14. 17, 27. 39, 27. Curio 26, 16.
61111115, 33. 15, 1. 611111 16, 21. 2213.
Cimbri 17, 16. 29, 8. 39, 24. 11. 18, 6111111119, 22.
31. 20,16. Cyclades 6, 16.
61111114,1. Cydnus 5, 33.
Cinna 28, 6; 8. *Cyllenius 16,19.
*6111112527 Cynoscephalae 15 14.
61111 16, 4. 6111111145. -
Cithaeron 113. Cyp rus6,6. 98. 16,24.14,24.
Τ111111111611111111122,22. 6111119, 19. 11, 30, 33. 12, 2. 23,
Appius Claudius 29, 21. 6, 17; 27.
Claudius Marcellus 16, 27. 19, 32. 6111111116, 12.
Claudius Nero 26, 6. 36, 2. 11. 16,
· 33. 111115, 15. 39, 35.
Cleopatra 27, 23. Daedalus 8, 12.
Cnidus 14, 13. Dalmatae 5, 16. 18, 33. 39, 32.
611111111325. 1111111111,13.
Colchis 5, 30. 11. 16, 2. 1111151115, 36.
6111111 1111112813. 1111111112,8,12. 1131111111,
6111111412. 31, 34; 36; 37. 24, 23. ’
Contrebia 17, 8. · Datis 13, 35.
6111 6,14. 11111119, 16.
Corbulo 26, 32. 1111116, 10.
Corinthii 13, 9. 111111111111514.
Corinthus 8, 2. 18, 11. 24, 25; 27. Deru. Phalereus 14, 26.

39, 22. Demophontes 13, 24.
611111111121,24. *11111111111, 16. ·
Cornelius 25, 34. 2111111113, 29.

Cornelius Cethegus 18, 37. 19,1 1111113,15;16. 8,;29 291615.
μ6111111111611111119,31. 11111198 29.

 

