mnnx HOMINVM.

,14. (33313337.
33 14, 14. 24, 28. 03313333331333510. 6,.26
3, 12. 033131135,18.31,.63
2023. 031115,17.16,13,15.19,18, 33.
· 20331283120352821.
6,7. 0311134, 33. 5,23. 6130 17,16,
33315. 31. 30, 30.
10, 10. Gallicum mare6, 17, 30.
ι 13, 17. Ganges 5, 28
15. Ganymedesii, 20.
5,21. Garamantes 5, 18 25, 28.
ate 0, 35. , Gemini 2, 9. 4, 18.
nondas 24, 23. ’ Germani 5, 15. 30, 33.
ι 8, 20. 0, 3. Germania 3, 4. 17, 31. 30, 30.
t 22, 11. Gigantes 3, 32.
i, 24, 36. 7, 19. *arrhata 18.
1311131317. ’ 013333 10, 17.
35, 37. 0133313121, 13.
2, 31, 36. Gobries 23, 31.
3331313136, 23. 0133353322, 24.
25. Τ15. Gracchuspater 18, 6.
28, 13. 20, 12. · Tib. Gracchus 111. 21, 5.
16, 15. 26, 30. 31. 20, 2. G. Gracchus 18, 13. 21, 8.
6, 6. Graecias. 4,12. 5,16. 13,10,25. ,
324, 33 25, l. 22, 17. 24, 24. 28,32.
331318. Graecia 12, 23. 13, 20. 15,11, 16.
333, 34. 6,.3 11,21.17,3.24,20.
5, 10, 14. 7, 5. 11, 14· 34. 01331333 *10, 34. 14, 37.
1, 13. Gyaros 6, li.
Agenoris filia 2, 6.
5, 34. ’ Hadriaticum mare6, 16, 33.
don 14, 2. Hamilcar 25, 35. 26, 3.
3333 12, 20. . 113333 25, 34.
3313137, 2. Harmodius 13, 30.
· ‚ Hebrus 5, 31.
acenti 19, 8. 1131333 7, 17.
pontifex 19, 18. Helicon 5, 23.
133313131 16,17. 29, 35. Η31132,3,
131131331316. Η311333311,1. .
rs Luscinus 16, 24. Hellespontos 12, 14. oi. 7, 3.
132214, 11313311313312, 21. ,
es 26, 27. Η3133133 2, 13 , 16, 18, 10. 6, 27. 8,
20, 31. 34. 10, 37.
nus 15, 13. 28, 20. 30, 15· 11311333 5, 32.
rs 22, 23. 20, 32. Hipparchus 13, 31.
t, 34. 11133133 13, 30.
Nobilior 39, 22. *0133353133 7, 10.

3*

 

