1011101111. st

111021,27.

111105,24.

10011837.

025,34. 26, 4.

10,0.

01111120, 13.

11102418.

11113 30,7.

11102022.

100 000101111ιεῖ1, 31.

ius Torquatus 16, 0. 20, 3.
01011211, 01. 13, 35.
0111022, 25. 30,1. .
iusl5, 18.

ouius 12, 34.

rs 17, 16. 21,14. 27, 5; 30; 33.
, 3; 4; 71 12. 30, 23. 01. 27, 32.
10 filius 28, 12.

4,12. 0, 34;35;36. lota.
syas 7, 33.

10012611.

ilia 31,27.

15,18.

itania 26, 15.

17, *20; *31 10, 4.

5,13. 11,4;8;26. 23, 0.
011, 30.

1111111023, 31.

oe10‚7.

010, 33.

16, 12.

1010,15.

ophis 23, 12.

,euius Agrippa 18, 3.

1116, 18. ¹
rrius 4, 12. 16, 7. 01.14,5.
,12, 6.

1111150011] 12, 24; 26; 28.
rrus 16, 35.

lius Metellus 19, 27.

lus Creticus 20, 15.

lus {dgoedouicus 17, 7. 28, 30.
lus Numidicus 17, 11.

lus Pius 17, 14.

s Fuffetius 26, 26.

roes *12, 11. 13, 33.

Minerva 7, 35. 8,10. 10, 12; 24. 12,

Minotaurus 13, 24.

Minturnae 28, 5.

Mithridates 17,27. 23, 5. ,24.1. 211
7. 28, 10. 30, 25; 27. 01. 27, 4.

*11001100 3, 10.

· Moesi 5, 15. 01. 5, 37.

Molorchus 2, 24.

Munius 00111010,Ῑο

Mummius 1011101020, 14. 30, 21.
Musae 3, 1ος 20.

*Murus Barbarus 0001000011, 25.
Myconos 6, 11. ’

Myrtilus 7, 1.

Myrtoum mare 6, 37.

Namasones 5, 10.

1101006, 12. 14, 24.

Nemea 2, 22.

Neptunus 2, 4.

Nicomedes 25, 14.

11111ἒο 1,,80. 8, 3. 0, 2ος 20. 10, 1; 60
11111011,12; 14317;18·.

Nisus 10, 36.

1101130, 1.

Numa Pompilius 15, 34.
Numantia 10, 32. 20, 20. 30,10.
Numidae 5, 18. 17,16. 30, 24.
Numidia 6, 2. 17,11. 20,8;13.
*Nymphaeus mons 7, 11.

Oceanus 5, 27. 6, 7; 20. 10, 22. 15,

g( ἐξ, 201 32. 3032. 01. 1,11.
1, .

0011111028, 6. 01. 28, 8.

*0051100 23, 34.

Oenomaus 27, 29. 20,10.

*0101100611 “

Olympia 8, 2. 01. 0, 8; 26.

Olympias 14, 35.

Olympus 5, 21.

Opimius 18,14. 20, 9. 21,10.

Ops 0, 33. 10, 17.

010οῑ00 7, 35.

01101 3, 14. 4, 6.

 

